/*--------------------------------*- C++ -*----------------------------------*\
| =========                 |                                                 |
| \\      /  F ield         | OpenFOAM: The Open Source CFD Toolbox           |
|  \\    /   O peration     | Version:  2306                                  |
|   \\  /    A nd           | Website:  www.openfoam.com                      |
|    \\/     M anipulation  |                                                 |
\*---------------------------------------------------------------------------*/
FoamFile
{
    version     2.0;
    format      ascii;
    arch        "LSB;label=32;scalar=64";
    class       pointSet;
    location    "constant/polyMesh/sets";
    object      nonManifoldPoints;
}
// * * * * * * * * * * * * * * * * * * * * * * * * * * * * * * * * * * * * * //


11892
(
147457
98305
147458
147459
147460
98313
98317
98319
98329
98349
98353
81971
98355
98357
81976
81979
81981
81987
98372
49222
49223
81991
114761
49226
81994
114762
114763
81996
114764
49229
82000
82003
98389
49238
82006
98391
82008
49241
98393
82012
49245
49247
82015
82018
82020
49256
49257
49260
49263
82032
82035
49268
49269
82038
49272
82040
49275
82044
82047
82050
82052
98436
82054
98438
49290
98445
49293
98447
49296
49298
82066
82069
82072
82074
49309
82078
49312
82081
49315
82084
49317
82086
131241
82090
131242
131243
131244
82093
82096
82098
114869
82102
114870
114871
114872
82105
131257
131258
131259
82108
131260
82110
98496
98541
98543
98550
98555
98558
33027
33028
33031
33034
33039
33040
33043
114965
33046
114966
114967
114968
98587
98589
33057
33060
98596
131365
131366
98598
33063
131367
131368
33065
33076
131381
33078
131382
131383
131384
33095
33099
131405
334
33102
131406
335
131407
336
33104
131408
33113
33114
33117
350
351
33120
354
357
33127
49512
49513
364
49516
367
49519
16752
131441
370
131442
131443
49524
372
131444
49525
49528
49531
381
131453
382
131454
131455
49536
16768
131456
385
49537
388
49540
147845
147846
49543
147847
147848
49548
16780
49549
115085
115086
115087
49552
115088
49555
404
405
16792
16796
412
415
49568
49569
16801
418
82338
49572
420
82341
115109
115110
49575
115111
82344
115112
82346
49580
16812
49581
82350
431
49584
16816
82353
433
49587
82356
16821
16822
82358
440
49592
49593
16825
82362
49596
16828
82365
82368
82370
115141
82374
115142
115143
115144
115145
82378
115146
115147
115148
16845
82381
82383
16848
82387
49621
16853
49622
82390
16856
49625
82393
147929
147930
82395
147931
49628
147932
16861
82399
16864
49633
49634
82402
16868
49637
82405
16871
82407
49640
82411
16876
49645
16877
115181
49646
82414
115182
115183
16880
115184
49649
82417
16883
82419
49652
16888
49657
16889
49658
16892
49661
16895
82431
49664
82434
82437
82439
82443
16908
49677
16909
49678
82446
16912
49681
82449
16915
82451
98835
49684
98838
82455
16920
49689
16921
49690
82458
16924
49693
82461
16927
82463
49696
82467
16932
49701
16933
131621
49702
82470
131622
131623
16936
82472
131624
49705
82474
16939
49708
16944
49713
16945
49714
16948
49717
16951
49720
33340
33341
33344
115265
115266
33347
115267
16964
115268
16965
16968
98889
16971
98892
115277
16974
115278
115279
33360
115280
33361
16979
16980
98900
33364
16983
33367
599
98905
16986
603
33372
604
98908
33373
98910
607
33376
115297
609
115298
115299
33379
115300
98919
33384
33385
98922
33388
33391
98930
33396
33397
98933
630
33400
633
33403
636
98940
638
649
115337
115338
115339
652
115340
115341
115342
655
115343
115344
657
49816
49817
668
49820
671
49823
674
676
49836
685
49837
686
33455
49840
689
66225
33458
49843
66227
692
33461
49848
49849
131769
131770
131771
49852
131772
66237
66239
49855
66241
33474
66242
707
33475
49860
66245
49861
33478
710
49864
713
33481
131785
131786
49867
715
131787
131788
33486
33487
49872
66257
49873
33490
66259
49876
66261
33493
49879
66263
33498
33499
33502
33505
49892
49893
148197
33510
148198
33511
148199
49896
148200
115433
115434
33514
49899
115435
115436
33517
49904
49905
49908
49911
131833
33530
131834
131835
49916
82684
131836
49917
33533
82687
49920
33536
82690
33538
49923
82692
49928
82696
49929
82699
49932
82702
49935
33551
82704
33555
82708
33558
82711
33560
82714
49948
82716
49949
49952
82720
49955
82723
33571
33572
82726
49960
82728
49961
33577
33578
49964
33581
49967
33584
82740
99124
82743
99129
82746
82748
99132
33597
33598
99134
17215
17216
82752
33601
17219
82755
33604
17222
82758
838
99143
82760
840
33609
99146
33610
17227
17228
82764
33613
17231
82767
33616
849
82769
17234
850
82771
33621
853
33622
17239
82775
855
17240
33625
82778
17243
33628
82780
66397
17246
82782
33633
66401
866
66402
33634
17251
17252
869
33637
17255
872
33640
874
17258
66411
66414
66417
66419
885
17271
17272
888
891
17275
50044
893
17278
50047
17283
50052
17284
50053
115589
115590
17287
115591
50056
115592
17290
82826
50059
17293
82829
66446
82832
66449
82834
66452
115605
66454
82838
115606
115607
50072
115608
50073
82841
922
17306
17307
82843
50076
925
82845
17310
50079
66463
928
66464
17313
82849
930
66467
82851
50084
50085
82853
66470
17318
17319
82855
50088
148393
17322
82858
148394
50091
148395
82860
148396
941
66477
17325
132013
82862
132014
132015
944
50096
66480
82864
132016
50097
132017
17330
132018
947
17331
132019
50100
132020
949
17334
50103
17337
50108
50109
958
17342
99262
959
17343
50112
99264
962
17346
50115
965
17349
970
82890
971
99275
82892
974
82894
50128
82896
99280
977
50129
99282
82899
50132
99284
82901
50135
82903
82905
50140
50141
990
991
50144
994
50147
997
50152
50153
1002
82922
1003
50156
82924
1006
82926
50159
82928
1009
50164
50165
148469
1014
148470
1015
148471
50168
148472
1018
50171
66555
33788
66556
1021
33789
66559
33792
66561
1026
1027
33795
1030
66571
66573
66574
66577
66579
82968
66597
66599
82984
66601
66603
82996
66613
66615
66617
66619
83008
99395
83012
66629
115781
115782
99398
66631
115783
115784
99400
17481
83017
17484
17489
99409
17490
83028
17493
17496
83032
99420
17501
83037
148573
17502
83038
148574
148575
148576
17505
83041
99426
17508
83044
99428
99434
99436
99438
17521
17522
17525
1143
17528
1146
17533
1149
17534
83070
1151
17537
83073
17540
83077
83080
17545
99465
66698
17546
66700
17549
83085
83086
99470
66704
17552
83089
99473
1170
66707
99475
83092
17557
1173
66710
17558
66712
1176
17561
83097
83098
1178
17564
83101
83104
1187
66724
1188
66727
1191
33961
17577
33962
66730
17578
1194
66732
33965
17581
83117
83118
1199
33968
17584
66736
1200
83121
148657
115889
148658
115890
66739
148659
115891
1203
83124
148660
115892
33973
17589
33974
17590
66742
1206
66744
33977
17593
83129
83130
1211
33980
66748
17596
1212
83133
66751
1215
83136
33985
33986
66754
1218
66756
33989
17605
83141
148677
83142
148678
148679
33992
66760
148680
17609
83145
66763
83148
17612
33997
33998
66766
66768
83153
1233
132305
83154
132306
17619
132307
1236
132308
83157
1239
17623
83160
1241
132313
132314
132315
132316
1250
1251
83173
1254
83174
17639
1257
83177
115945
115946
17643
115947
83180
115948
17646
17648
83185
132337
83186
132338
132339
132340
83189
1270
1271
83192
1274
1277
17661
17665
1282
1283
17668
148741
34053
148742
1286
17670
148743
148744
1289
34057
34060
1294
34062
1295
17681
1298
1301
1306
1307
1310
34079
34080
1313
34083
34086
34091
34092
116013
116014
34095
116015
116016
34098
66873
132409
132410
34107
66875
132411
132412
66877
34111
66879
34114
34116
66890
66893
34125
116045
34126
116046
116047
66896
116048
34129
66898
34132
66902
66905
132441
132442
132443
66908
132444
1374
66910
1375
1378
66914
1381
66917
66920
66922
1386
1387
1390
1393
66933
1398
1399
66935
66937
1402
66939
1405
116093
116094
116095
116096
1410
1411
66950
1414
66953
1417
66956
116109
66958
116110
116111
116112
116113
66962
116114
116115
116116
66965
1430
1431
66968
99737
66970
99738
1434
99739
99740
99741
1437
66974
99742
99743
99744
1442
1443
99749
1446
99750
99751
99752
1449
116137
116138
116139
116140
1454
1455
34224
1458
34228
1461
34231
34233
1466
1467
116157
1470
116158
116159
116160
1473
132545
132546
132547
34244
132548
34247
1486
1487
34256
34257
116177
1490
116178
116179
34260
116180
116181
116182
34263
116183
116184
34268
34269
83423
83424
67040
34272
83427
67043
34275
83430
67046
67048
148969
148970
83435
148971
83436
67052
34284
148972
83439
67055
34288
83442
67058
67060
83447
83448
67064
34297
83451
67067
83454
67070
67072
83459
83460
67076
83463
67079
34312
83466
67082
34316
67084
99853
99854
99855
34319
99856
67089
34321
67092
67095
83479
83480
67097
83483
67101
99869
83486
99870
99871
67104
99872
67107
83491
83492
67109
83495
67113
83498
67116
67119
83503
83504
67121
149041
149042
83507
149043
149044
83510
83515
1596
83516
1597
67133
99901
99902
99903
1600
67136
99904
83520
99905
99906
1603
67139
99907
83523
99908
67141
1608
83528
1609
67145
99913
83529
99914
99915
1612
67148
99916
83532
132685
132686
1615
67151
132687
83535
132688
67153
1620
83540
1621
67157
83541
1624
67160
83544
1627
67163
83547
67165
132701
132702
132703
1632
132704
83552
1633
67169
83553
1636
67172
83556
1639
67175
83559
67177
149101
149102
149103
149104
1652
1653
1656
1659
1664
1665
1668
1671
1676
1677
116365
116366
116367
1680
116368
1683
149141
149142
149143
1688
149144
1689
1692
149149
149150
1695
149151
149152
116401
116402
116403
116404
1717
1722
1723
1726
1729
1734
1735
1738
1741
1746
1747
100053
1750
100054
100055
100056
1753
149209
149210
149211
149212
1766
1767
1770
1773
67310
67312
1778
1779
67316
1782
67319
1785
67322
67324
1790
1791
67328
1794
67331
1797
67334
67336
1802
1803
1806
1809
1822
1823
1826
1829
1834
1835
116525
1838
116526
116527
116528
1841
50999
116537
116538
116539
116540
51004
51009
149313
149314
149315
51012
149316
149321
149322
149323
149324
51025
51026
67412
51029
67415
51032
132953
67418
132954
132955
132956
67421
51037
51038
67423
51041
100193
100194
67427
100195
51044
100196
67430
51049
67433
149353
51050
149354
67435
149355
149356
51053
83822
83823
51056
83826
51061
83829
51062
67447
51065
100217
67450
100218
83834
100219
83835
51068
100220
67453
132989
132990
83838
67455
132991
132992
83841
67459
67462
83846
83847
67465
51081
83850
67467
51084
83853
67471
51088
67474
51090
83858
83859
67477
83862
67479
83865
67483
100253
67486
100254
100255
100256
67489
67491
83878
83879
83882
133037
83885
133038
67503
133039
133040
67506
83890
83891
67509
83894
67511
83897
67515
67521
149441
149442
149443
149444
67527
67530
67533
67535
67539
67545
100313
51162
100314
100315
100316
51166
51169
83938
51172
83941
51174
83944
51178
83946
51181
51184
51186
83957
51198
83968
51201
83970
51204
83972
51206
83974
100361
51210
100362
100363
100364
51213
51216
51218
83989
51222
83991
51225
51228
83997
116765
51230
116766
83999
116767
116768
84001
51234
51237
116773
116774
116775
51240
116776
51242
84028
84029
84032
84035
84047
84050
149589
149590
84054
149591
149592
84056
84065
84066
67683
84069
84072
149613
149614
149615
149616
84081
84084
67702
67703
84088
116857
133241
116858
84090
133242
67706
116859
51323
133243
116860
133244
67708
51325
51327
51329
67719
51339
67723
67724
51341
51343
67727
67729
51355
51357
116893
116894
116895
116896
18595
51363
18597
18601
18603
51382
51385
18617
18619
18621
18623
51394
18627
51397
18630
18633
51402
18635
51414
51417
51420
51422
51426
51429
51432
51434
100589
51438
100590
100591
67824
100592
51441
67826
51444
100597
51446
100598
100599
100600
51450
51453
67837
51456
67840
51458
67843
67845
133381
133382
133383
133384
117001
117002
117003
117004
18713
18716
18719
18722
18724
18728
18731
51501
18734
51504
18736
67888
51506
67891
133429
100661
67894
133430
100662
133431
100663
133432
100664
67896
18748
100669
51518
100670
18751
100671
100672
18754
67907
51524
18756
67910
18760
67913
18763
67915
18766
18768
18772
67924
67925
18775
67928
18778
67931
18780
67932
67935
18784
67938
18787
18790
18792
117105
117106
117107
18804
117108
117109
117110
18807
117111
117112
18810
18812
67965
67966
18816
67969
18819
67972
18822
18824
67977
67978
18828
67981
133517
133518
18831
133519
67984
133520
133521
18834
133522
133523
18836
133524
35221
67989
67990
35223
18840
67993
67996
35229
35231
68001
35233
68002
35235
68005
35237
68008
35247
35249
35251
68021
35253
149941
68022
149942
149943
149944
68025
133561
133562
133563
68028
133564
68033
149953
68034
35266
149954
149955
149956
68037
35270
68040
35272
35274
35276
68045
149965
68046
149966
149967
149968
68049
100817
100818
100819
68052
100820
35305
84461
35310
84462
35311
84463
100849
35314
100850
100851
100852
35317
84479
84480
35332
35335
84487
35338
35340
84494
84496
35351
35353
35376
35380
35383
35385
35394
35395
35398
51784
51787
51790
51792
150097
150098
150099
51796
150100
51799
51802
51804
51808
51811
19043
51814
19046
84583
51816
19048
51817
51819
84587
84588
51821
68206
68207
68210
19060
68213
19063
84600
150137
68218
19066
51834
150138
68219
84603
2683
150139
19068
51836
150140
2685
2686
51838
68222
19072
51840
68225
19075
35459
19078
35462
68230
2695
68231
19080
35464
2697
101001
68234
101002
2699
101003
19084
35468
101004
2701
68237
19087
35471
51857
117393
68242
19090
117394
35474
68243
117395
51860
19092
117396
35476
68246
51863
19096
35480
51865
68249
2715
19099
35483
2717
51869
19102
35486
2719
51872
19104
35488
2721
51875
35492
51877
68262
68263
35495
84647
51881
84649
68266
35498
51884
19116
35500
68269
51887
19119
68272
51889
150193
19122
84658
150194
84659
150195
19124
150196
51893
68277
84662
68278
51896
19128
35512
133817
68281
133818
51899
19131
35515
133819
133820
68284
51901
133821
19134
35518
133822
133823
19136
35520
133824
19140
35524
19143
35527
51913
68297
19146
35530
68298
51915
19148
35532
68301
51918
51920
19152
35536
68304
51923
19155
35539
51925
68309
19158
35542
68310
51927
19160
35544
51929
68313
117465
117466
117467
35548
68316
117468
35551
68321
35554
68322
2786
2787
35556
2788
68325
68328
117485
68333
117486
68334
117487
35568
117488
68337
35571
68340
35574
2806
2807
35576
2808
2809
2811
35580
35583
35586
51971
2820
2821
35589
51974
35591
2824
51977
51979
2827
51983
51986
19220
51989
51991
19223
19226
51995
19228
51998
19232
52001
52003
19235
19238
52007
19240
84777
2857
52010
2858
84779
84780
19244
52013
52015
19247
2865
19250
19252
2868
84789
2871
84791
19256
2873
52027
19259
52030
19262
19264
52033
52035
2884
2886
52039
52042
19276
2893
52045
52047
19279
2896
19282
2899
52051
35667
2901
35670
35672
35674
35678
35681
35684
35686
35689
84842
35691
84843
84844
35698
35701
35704
35706
150397
35710
150398
84862
150399
84863
150400
84864
35713
35716
84868
84869
2950
35718
2952
35722
84876
35725
35728
35730
2963
84883
84885
2966
35734
2969
35737
2971
35740
35742
2982
2984
2986
35754
2988
35757
35760
84912
84913
35762
35766
2999
84920
35769
84922
3002
52155
35772
3005
52157
35774
3007
35778
3011
84932
52164
35781
3014
84934
52166
35783
3017
35785
3019
84940
35789
134093
84942
134094
3023
134095
35792
84944
134096
3026
35795
35797
3029
3031
52183
19417
68569
52185
68570
19420
68573
150493
150494
19423
150495
68576
150496
35809
19425
35812
19429
68581
52197
68582
52198
35815
19432
35817
68585
52201
3050
19435
3051
68588
52204
19437
134125
117741
134126
117742
68591
134127
117743
134128
117744
19441
52209
52210
3058
19444
3060
52213
19447
52216
19449
117753
117754
117755
117756
68604
19453
52221
68605
52222
3070
19456
3072
68608
52225
19459
68611
52228
19461
3078
68616
3080
68617
52233
52234
68620
52237
68623
52240
19473
19476
68628
68629
19479
68632
19481
68635
85020
19485
52253
85021
52254
68640
68641
52257
19489
68644
52260
19492
19494
68647
3112
19496
52265
3114
52266
3116
19500
52269
3118
19502
85039
52272
19504
19506
85042
68660
68661
52277
19509
52278
19511
3128
68664
52281
3130
68667
3132
52284
3134
68672
19520
68673
52289
52290
19522
68676
52293
68679
52296
3145
3148
68685
35918
3151
19535
68688
3153
35921
19537
85074
19539
85075
35924
3157
19541
35926
52310
3160
68697
52313
35930
3163
68700
3165
35933
52318
52319
35936
101473
35938
52322
101474
101475
101476
52325
19557
35942
19559
3176
35945
19561
3178
19563
3180
35948
101485
3182
35950
101486
101487
101488
68721
35954
68724
35957
68727
35960
19576
35962
150657
150658
150659
85123
150660
85124
85125
35974
35977
134281
134282
134283
35980
134284
35982
85134
35986
35989
85141
35992
35994
35998
36001
101537
101538
101539
36004
101540
36006
36010
36013
36016
36018
101557
150709
101558
150710
101559
150711
101560
52408
150712
117945
52410
117946
117947
117948
150717
150718
150719
150720
52417
52420
52423
52425
36042
36045
134349
134350
36047
134351
134352
36051
52436
101589
36054
101590
101591
101592
36057
3290
19674
36059
19676
3293
134365
134366
36063
3295
134367
134368
36066
36069
36071
19688
19690
3307
3310
3313
19698
36083
3315
36086
3319
36089
3322
36091
3325
3327
36095
36098
3331
36101
3334
36103
3337
36107
3339
36110
3343
36113
3346
36115
3349
52503
3351
36119
52504
36122
52507
36125
52510
36127
52515
52516
52519
150825
52522
150826
150827
150828
52527
52528
52538
52539
52542
52545
52550
52551
52554
52557
52562
52563
3411
52566
3414
52569
3417
134489
134490
3419
134491
134492
52574
52575
3423
19809
52578
3426
19812
52581
3429
3431
19816
3435
19820
3438
19825
3441
19826
52594
52595
3443
19829
52598
3447
19832
52601
3450
19837
3453
52606
52607
3455
19840
52610
19844
52613
19847
52618
52619
3467
19852
19853
52622
3470
19856
52625
3473
19859
3475
85395
52630
85398
52631
3479
52634
3482
52637
3485
85406
3487
19872
19873
3491
19875
19876
3494
19879
3497
19882
3499
52654
3503
19887
19888
52658
3506
19891
3509
19894
52663
3511
52664
52667
52670
52675
19907
3523
19908
52678
3526
19911
134601
52682
19914
134602
134603
134604
52686
19919
19920
134609
134610
52691
19923
134611
52692
134612
85460
19926
52695
85463
101849
52698
101850
85466
101851
19931
101852
19932
19935
19938
85475
52711
19943
52712
19944
52715
19947
101869
52718
101870
19950
101871
101872
52723
52724
101877
101878
52727
101879
101880
52730
52735
52736
151041
36354
151042
52739
151043
36356
151044
101893
52742
101894
101895
101896
118281
118282
36362
52747
118283
52748
118284
36364
36366
52751
52754
151073
151074
151075
151076
118309
118310
118311
118312
36399
36402
36405
36407
36411
36414
36417
36419
36423
36426
36428
36430
134737
36434
134738
134739
134740
36437
36439
36441
36453
151141
151142
151143
36456
151144
36459
36461
36465
36468
36471
36473
36477
36480
36483
36485
36489
36492
151181
151182
36495
151183
151184
3729
3731
52884
36500
52885
3735
36503
52888
36505
3738
52891
36507
3741
36510
3743
52896
36512
52897
36514
3747
52900
36516
151205
3750
151206
52903
151207
151208
3753
3755
52908
52909
3759
52912
36529
3762
52915
36531
3765
36533
3767
36535
3779
85699
85701
3782
3785
3787
85709
36557
3791
85711
36560
3794
36562
20179
20180
36564
3797
85717
3799
20183
36568
20186
3803
36571
36573
3806
36575
20191
20192
3809
36578
3811
20195
36580
36582
20198
3815
36584
20201
3818
3821
3823
36597
20214
20215
36599
36601
20218
3835
36603
20221
3838
3841
20226
3843
20227
20230
3847
20233
3850
3853
20238
3855
20239
20242
53012
53013
20245
53016
20250
53019
20251
20254
53024
53025
20257
53028
53031
53036
53037
20270
20271
53040
20274
53043
20277
53048
53049
20282
20283
53052
20286
53055
20289
85828
151365
151366
20294
151367
85831
20295
151368
85833
20298
53068
53069
20301
53072
85842
20306
53075
20307
85844
36694
20310
53080
53081
36697
20313
85851
53084
3933
36702
53087
36703
3936
36706
3939
53092
20324
53093
36709
20325
53096
20328
36714
53099
36715
20331
102253
102254
36718
102255
53104
102256
20336
53105
36721
20337
53108
20340
118645
53110
118646
36726
118647
36727
20343
118648
53113
36730
20348
85885
36733
20349
53118
53119
20352
53122
85890
20355
53125
85893
20360
151433
20361
53130
151434
36746
53131
151435
36747
151436
20364
53134
36750
20367
53137
36753
36758
53142
53143
36759
53146
36762
20380
118685
36765
20381
53149
118686
118687
118688
20384
36770
36771
20387
118693
85925
118694
36774
118695
118696
85928
20392
36777
20393
85931
20396
118701
118702
36782
118703
36783
20399
118704
36786
20404
36789
20405
20408
20411
36802
36803
36806
20423
36809
20427
36814
36815
20431
20433
36818
36821
85984
85990
85992
102377
102378
85994
102379
102380
151537
151538
151539
86004
36852
151540
36853
86006
4088
36856
4089
36859
36864
36865
36868
36871
135177
135178
135179
135180
4109
69647
4112
36880
151569
69650
151570
4115
151571
151572
36884
69653
4117
151573
151574
69655
151575
36887
151576
135193
36889
135194
135195
135196
4128
69666
36898
4131
36899
69669
4134
36902
69672
4136
36905
69674
69683
4147
69684
4150
69687
4153
69690
4155
69695
69696
36928
36929
69699
4164
36932
4165
69702
36935
4168
4171
36941
36942
36945
36948
69717
53334
53336
69720
36953
69722
36954
53339
53341
36957
53344
36960
53346
69731
53348
36965
69733
102501
36966
53350
102502
102503
102504
36969
151657
151658
151659
36972
151660
20590
4207
20591
36977
4210
36978
20594
53364
36981
20597
53366
36984
53369
20602
20603
20606
20609
36997
4230
36998
20614
4231
20615
4233
37001
20618
37004
20621
4238
4239
37009
37010
4242
20626
20627
37013
4245
20630
37016
20633
37021
37022
53409
37025
37028
20646
20647
37033
37034
53418
20650
37037
53421
20653
4272
37040
4273
135345
135346
20658
135347
20659
4276
135348
151733
151734
20662
4279
151735
151736
53432
53433
151737
20665
69818
151738
20666
69819
151739
4284
151740
53436
4285
37053
20669
69822
37054
53439
4288
20672
69825
37057
4291
37060
53444
20677
53445
20678
4296
53448
4297
37065
20681
69834
37066
53451
4300
20684
69837
4303
53456
69841
53457
135377
135378
69843
135379
4308
135380
53460
4309
53463
4312
20697
20698
4315
53468
135389
20701
53469
135390
135391
135392
20704
53472
53475
20709
20710
4328
4329
20713
86251
4332
20716
86253
4335
4340
53492
86261
4341
20725
53495
4344
135417
20729
135418
86266
135419
4347
135420
86270
4352
4353
20738
86277
4358
20742
4359
86279
4362
4365
86289
86294
86298
86300
20772
86309
37160
37163
37168
37169
37172
37175
37180
37181
37184
135489
102721
135490
102722
37187
135491
102723
135492
102724
37192
37193
37196
37199
119121
119122
119123
119124
4439
4440
119129
4441
119130
119131
37212
119132
37213
37216
4450
37219
4453
37224
4456
37225
4458
37228
37231
37236
37237
151925
4469
151926
151927
37240
151928
4472
20857
20858
37243
4475
4477
20861
37248
20864
37249
102785
102786
102787
37252
102788
20869
20870
37255
4488
20873
4491
20876
4494
86416
4496
20881
20882
86419
86421
20885
20888
4512
37283
20900
4517
4518
37288
20904
37289
86441
4521
86443
37292
4524
20908
20910
37295
4529
4530
37300
4533
37301
151989
86453
151990
151991
4536
37304
151992
86457
37307
86459
4541
4542
70080
70081
4545
70084
86468
4548
86470
70087
37320
37321
70090
37324
20941
20942
70095
37327
70096
86481
4561
20945
4562
70099
86483
37332
20948
152021
37333
4565
70102
152022
152023
152024
37336
4568
37339
4573
152029
4574
152030
152031
37344
152032
20960
4577
37345
70115
70116
4580
37348
20964
102885
102886
70119
37351
102887
102888
20968
4585
70122
4586
20970
37356
102893
37357
4589
102894
70127
102895
70128
102896
37360
4592
70131
37363
4597
70134
4598
4601
70139
70140
4604
152061
20990
152062
70143
152063
152064
20993
70146
20996
20998
70151
70152
4617
4618
21002
70155
21004
4621
70158
21007
4624
21009
21013
152085
4629
152086
4630
152087
21016
152088
152089
4633
152090
70171
21019
152091
70172
152092
4636
21021
70175
21025
70178
21027
21029
70183
21031
70184
70187
70190
21042
70195
70196
21044
21046
70199
21048
70202
70207
4671
70208
4672
70211
4675
21061
70214
4678
21063
21065
4683
4684
4687
4690
70228
70231
4695
4696
70235
4699
103005
21085
103006
4702
70239
103007
103008
21088
4707
70244
4708
70245
4711
70248
4714
70251
135789
135790
135791
70256
135792
70259
70263
4727
4728
70267
4731
4734
70272
70273
4739
70276
4740
86661
70279
4743
4746
86666
86670
4751
4752
4755
70292
70293
119445
4758
119446
119447
70296
119448
119449
119450
70299
119451
119452
119453
119454
119455
70304
119456
37536
70305
70308
135845
37541
135846
37542
70311
135847
135848
86696
103081
152233
37545
103082
152234
103083
152235
70316
103084
152236
37548
86700
70317
86702
70320
70323
37557
70328
70329
37561
70332
37564
119485
119486
37566
70335
119487
119488
37575
37576
37579
86732
37582
86757
119525
119526
86759
119527
119528
86771
103165
4862
103166
4863
103167
103168
4866
4869
152325
152326
152327
152328
4874
4875
4878
4881
135965
4894
135966
4895
135967
135968
4898
4901
4906
4907
4910
4913
86833
86836
4918
86838
4919
70456
70457
4922
70460
4925
70463
86847
152385
86849
152386
4930
152387
4931
70468
152388
70469
4934
70472
152393
4937
152394
70475
152395
37708
152396
37709
70480
37712
70481
119633
119634
37715
119635
70484
119636
119637
4950
119638
70487
4951
119639
119640
37720
37721
119641
4954
119642
119643
70492
37724
119644
70493
4957
37727
70496
4962
70499
4963
37732
37733
4966
37736
4969
37739
4974
4975
37744
37745
4978
37748
4981
37751
103289
4986
103290
103291
103292
119689
86921
136073
119690
136074
119691
136075
119692
86924
136076
119693
119694
119695
119696
136081
136082
136083
136084
86932
86935
103341
103342
103343
103344
136117
136118
136119
136120
5051
5052
5055
5058
54210
54213
5063
54215
5064
70603
5067
70604
5070
70607
54224
54225
70610
5075
54228
5076
152533
119765
152534
119766
54231
70615
5079
152535
119767
70616
152536
119768
5082
70619
70622
5087
5088
70627
5091
70628
5094
70631
70634
70639
70640
70643
70646
103417
136185
103418
136186
103419
136187
103420
136188
70659
70660
70663
70666
136205
136206
70671
136207
70672
136208
70675
70678
152605
152606
152607
152608
70693
70694
70697
70700
70705
70706
70709
70712
70717
70718
70721
70724
136261
136262
136263
136264
70729
70730
70733
70736
103521
103522
103523
103524
103557
103558
103559
103560
119945
152713
119946
152714
119947
152715
119948
152716
136333
136334
136335
136336
87211
87217
87220
87231
87233
87240
87243
136397
87245
136398
136399
136400
87254
136413
136414
136415
136416
54503
54504
54507
54510
120049
120050
54515
120051
54516
120052
103669
103670
54519
103671
103672
54522
21756
21757
21758
54527
54528
54531
54534
21767
21770
54539
54540
21773
21775
54543
54546
21786
21789
54559
54560
21793
21794
54563
21796
54566
54571
54572
54575
21809
54578
21812
21815
54583
54584
21817
54587
54590
21826
54595
54596
21829
21831
54599
103757
54605
103758
103759
103760
54608
54611
54613
21848
21849
21852
21855
21860
21861
54630
54631
21864
120169
120170
54634
21867
120171
120172
54637
21872
21873
54642
54643
21876
54646
21879
120185
54649
120186
120187
21884
120188
21885
21888
54658
21891
54662
54665
54667
54676
54677
54680
54683
103909
103910
103911
103912
87532
87534
87541
87543
136697
136698
136699
136700
87554
87556
87562
87564
87566
87574
120357
120358
120359
120360
120377
120378
120379
120380
136765
136766
136767
136768
87620
87622
87634
87636
87643
38492
120413
120414
38495
120415
120416
120417
120418
38499
120419
22116
120420
22117
38503
38508
38509
104045
104046
104047
38512
104048
38515
22134
22135
38520
38523
22139
22140
38527
38530
38535
87687
38536
38539
22157
22158
38543
22161
38548
22164
38549
38552
22169
22170
38555
54940
22173
153245
153246
153247
22176
38560
153248
38561
54947
54948
38564
22181
153253
22182
153254
54951
38567
153255
87719
153256
22185
54954
87722
38572
22188
38573
54959
38576
87730
38579
87733
153273
54970
153274
153275
153276
120509
120510
120511
38592
120512
38593
38596
38599
38604
38605
38608
38611
104149
104150
104151
38616
104152
38617
38620
87774
38623
87776
38628
38629
38632
38635
87790
153333
153334
153335
153336
55033
55036
87806
87808
87815
55049
87817
87819
55052
55057
55060
55065
55068
87837
87840
55073
55076
55081
55082
55085
55088
55093
137013
120629
55094
137014
120630
137015
120631
137016
120632
55097
22330
55100
153405
22333
153406
153407
153408
22336
22338
55113
55114
55117
22349
104269
104270
104271
55120
22352
104272
22355
22357
55125
55126
55129
55132
22366
22367
55137
55138
22370
55141
22373
120677
120678
120679
55144
120680
120681
22378
120682
22379
120683
120684
55149
22382
55150
22385
55153
55156
153469
22398
153470
22399
153471
153472
22402
22405
55173
137093
137094
71559
137095
55176
137096
22410
71562
55178
22411
71565
22414
71567
22417
55189
22422
22423
55193
22426
71578
55196
22429
6045
55198
6048
71585
22434
22435
6051
71588
6053
22438
55207
71592
22441
104361
71594
55210
104362
104363
104364
137133
137134
137135
6064
137136
6067
55219
22452
71605
6070
55223
6072
71608
55225
38842
71610
38843
38846
22465
6081
38849
22466
6082
22469
6085
71621
137157
38854
137158
38855
137159
22472
6088
137160
71624
38858
71628
22477
6093
38861
22478
6094
71630
6097
22481
22484
6100
22489
22490
38874
38875
22493
38878
22496
38881
6115
22501
22502
6118
38886
38887
6121
22505
38890
6123
22508
38893
38898
38899
38902
6134
38905
6137
6140
137213
6142
38910
137214
38911
137215
137216
137217
38914
137218
137219
6148
137220
38917
104453
104454
6151
104455
104456
104457
104458
6155
104459
88076
104460
6157
88077
88078
104465
38930
104466
38931
104467
104468
38934
88087
6168
38937
104473
104474
6171
104475
104476
104477
6174
38942
88094
104478
38943
104479
6176
104480
38946
88099
88100
38949
153637
153638
153639
153640
38954
38955
153645
38958
153646
153647
153648
6193
38961
6194
6197
153653
38966
153654
153655
6200
153656
6205
104509
6206
104510
104511
104512
6209
6212
55365
6217
6218
38987
38988
6221
38991
6224
38994
6229
153685
6230
153686
38999
153687
39000
153688
6233
39003
6236
39006
39011
39012
39015
6249
104553
6250
39018
104554
104555
104556
6253
39023
6256
39024
39027
6261
6262
39030
6265
6268
39043
39044
71813
39047
71815
88199
88200
22665
39050
22668
71821
39055
71823
22671
39056
39059
22676
153749
22677
39062
153750
153751
88215
153752
88216
22680
71833
153753
153754
39067
71835
153755
22683
39068
153756
88220
88221
39071
22688
71841
22689
39074
22692
137381
137382
137383
22695
137384
39086
39090
22708
22709
39094
39096
22712
22715
121021
121022
121023
22720
121024
22721
22724
22727
22732
88268
22733
71887
88271
22736
71889
71891
22739
71893
88279
22744
153817
22745
153818
88282
153819
153820
22748
71903
22751
71905
71907
71909
71920
71923
71926
71928
71932
71934
71937
121089
121090
71939
121091
121092
137485
71950
137486
137487
137488
22808
22809
39195
22812
22815
22820
22821
104741
104742
104743
39208
22824
104744
22827
39212
39215
22832
22833
39217
22836
22839
6458
6459
22844
22845
6462
39232
22848
6465
39233
22851
39236
121157
6470
121158
6471
39239
121159
121160
6474
39244
6477
39245
39248
22864
22865
6482
6483
39251
22868
6486
22871
6489
39260
22876
88412
22877
88413
39264
22880
121185
121186
121187
22883
39267
121188
88420
39269
6502
6503
22888
22889
6506
88427
22892
6509
88429
72047
22895
72049
6514
39282
6515
72052
22900
22901
6518
72054
39286
22904
6521
72057
39289
72059
22908
72061
6526
6527
72063
22913
121217
6530
22914
121218
121219
121220
6533
22917
22920
121225
6538
121226
6539
121227
121228
22925
72077
121229
22926
6542
121230
121231
72080
121232
22929
6545
72083
22932
72085
88469
72089
22937
22938
72092
88476
22941
6558
6559
72095
22944
72097
88481
6562
88482
6565
121253
121254
121255
121256
121257
6570
121258
6571
121259
72108
121260
6574
72110
72112
6577
72114
72124
104893
72126
104894
104895
72128
104896
72130
121289
121290
121291
121292
72141
72143
88529
72146
88530
121301
121302
121303
121304
88537
88538
88541
88542
104929
104930
104931
104932
104933
104934
104935
104936
88553
88554
88557
154117
154118
154119
154120
6679
104989
104990
104991
6688
104992
88609
137761
137762
88611
137763
137764
88617
88618
88621
72246
72249
72252
72254
154177
72258
154178
154179
154180
72261
72264
72266
72270
72273
88657
88658
72276
72278
88662
88663
72282
72285
72288
121441
72290
121442
121443
121444
88676
154213
88677
154214
154215
154216
88680
154221
72302
154222
154223
154224
72305
72308
72310
72314
72317
72320
154241
72322
154242
154243
154244
23173
121477
23174
72326
121478
121479
121480
88712
23177
72329
88714
23180
23185
23186
23189
23192
88731
23197
105117
88733
23198
105118
105119
105120
23201
72355
23204
88740
105125
154277
72358
105126
88742
154278
105127
154279
105128
154280
23209
72361
105129
23210
105130
72363
105131
105132
23213
72367
23216
72370
72373
72375
137913
154297
137914
154298
72379
137915
88763
154299
137916
154300
72382
23231
23232
72385
23235
72387
23238
72391
72394
23243
23244
72397
23247
72399
23250
137941
137942
137943
137944
72411
121565
72414
121566
121567
23263
121568
23264
72417
72419
23267
121573
121574
23270
72423
121575
121576
72426
23276
72429
72431
23282
72435
72438
23287
6904
23288
6905
72441
72443
23291
6908
23294
6911
72447
72450
23300
72453
6920
121609
23306
121610
6923
121611
121612
6927
6929
56085
121621
121622
56087
121623
121624
56089
6938
6939
6942
6945
56099
6950
6951
56103
56105
138025
6954
138026
138027
56107
138028
56109
6957
138029
138030
138031
138032
105269
154421
105270
154422
105271
154423
105272
154424
138041
6970
138042
138043
138044
6973
56126
6976
56129
6978
56132
56134
56138
6989
56141
56144
105297
105298
56146
105299
6996
105300
6998
56150
6999
56153
7002
56155
7005
56157
56161
7010
7011
56164
7014
56167
7017
56169
72558
72561
72564
56180
7030
72566
7031
7034
7037
7042
72578
7043
72581
7046
72584
7049
56201
72586
154509
7054
72590
154510
7055
154511
154512
56208
72593
105361
7058
105362
105363
56211
72596
105364
7061
72598
56214
56216
138137
7066
72602
138138
7067
138139
138140
72605
7070
72608
7073
56225
72610
56226
56229
72614
56232
72617
72620
7086
72622
7087
7090
89012
7093
89015
121785
7098
72634
121786
7099
121787
121788
72637
7102
89023
72640
7105
72642
89026
89028
7110
72646
7111
72649
7114
72652
7117
72654
89039
89041
7122
72658
7123
72661
89046
72664
89048
72666
72670
89055
72673
105441
105442
105443
72676
89060
105444
72678
89063
89065
89074
72692
72695
121849
72698
121850
121851
72700
121852
89085
72704
89088
72706
89091
72709
72711
56330
56334
56337
56340
56342
56346
56349
138269
105501
138270
105502
138271
105503
56352
138272
105504
56354
154665
154666
154667
154668
56366
56369
56372
56374
105529
56378
105530
105531
105532
56381
56384
154689
56386
154690
154691
154692
56390
56393
56396
121933
138317
121934
56398
138318
72783
121935
138319
121936
138320
72786
56402
72789
56405
121941
121942
121943
72792
56408
121944
72794
56410
72798
72801
154721
154722
154723
72804
154724
72806
72818
72821
72824
72826
72830
56447
72833
56449
72836
72838
72842
72845
56463
72848
72850
56466
56468
72854
56470
72857
72860
72862
56482
89250
89252
56485
56488
72874
56490
72877
56494
72880
56497
72882
56500
154805
72886
56502
154806
154807
154808
72889
56506
72892
56509
72894
56512
72898
56514
72901
56518
72904
56521
105673
72906
105674
105675
56524
105676
72910
56526
89296
72913
105681
89298
105682
105683
105684
56537
56539
56541
105693
122077
105694
122078
56543
105695
122079
105696
122080
56553
56555
56557
56559
56569
56572
56575
56577
56581
89350
56584
89352
105737
105738
56587
105739
105740
56589
105741
154893
89358
105742
154894
105743
154895
105744
154896
56593
105745
105746
89363
105747
56596
105748
89365
89367
56599
56601
138521
138522
138523
138524
138533
138534
138535
138536
89385
89387
89389
89398
73021
89408
89411
138597
138598
138599
138600
40300
40304
40306
89458
40310
40313
40316
40318
40324
40328
73096
40331
73099
40333
155021
73102
155022
155023
73104
155024
40337
40340
40343
40345
73115
73118
73121
155041
155042
73123
155043
155044
40357
105893
105894
105895
40360
105896
40363
73132
40365
73133
73136
40369
155057
155058
155059
40372
155060
40375
40377
89529
89531
40381
89533
40384
40387
40389
89542
40393
40396
89548
89550
40399
89552
40401
105945
105946
105947
105948
40413
40416
40419
40421
40425
40428
40431
40434
40436
89591
89593
105989
105990
105991
105992
89609
73230
73233
73236
73238
56865
73249
122401
122402
122403
73252
122404
155173
155174
73254
155175
155176
56873
56876
155181
155182
56879
155183
155184
73279
40512
73281
40515
40518
73286
40520
73288
40524
40527
40530
40532
40536
56922
40539
56925
24158
56928
24161
56930
24164
56934
24166
73318
24169
56937
24171
56940
73324
24173
56942
24175
73327
56946
73332
56949
73333
56952
73336
24186
56954
73339
24189
56958
24192
56961
24194
56964
56966
73352
73353
73356
24205
24206
73359
56980
73364
73365
24213
24215
73368
24217
56985
24219
73371
56988
56990
73376
73377
155297
155298
155299
56996
73380
155300
24229
73383
24231
57001
122537
122538
122539
57004
73388
122540
24237
73389
24239
73392
73395
73408
73409
73412
73415
73420
73421
73424
73427
73433
73436
40672
40675
73444
73445
40678
40680
73448
40684
138989
138990
40687
138991
138992
138993
40690
138994
89843
138995
40692
138996
89847
40696
89849
40699
40702
40704
89858
40708
89860
40711
24329
40714
24332
40716
24335
24337
57106
57108
57110
40728
40731
24348
40734
57118
24351
40736
57120
57122
24355
40740
57124
24356
24358
40743
40746
40748
40752
57137
24371
40755
122677
24374
40758
122678
122679
40760
122680
24377
24379
40765
73534
40768
122689
122690
40771
122691
122692
40773
139077
139078
73543
139079
73544
139080
40777
57162
73547
40780
155469
73550
155470
40783
155471
155472
40785
40789
73557
57173
155477
155478
57175
155479
40792
155480
57177
122713
122714
40795
57179
122715
73564
122716
40797
40801
8034
8036
40804
8038
40807
8040
57192
40809
57194
57196
57198
8050
8052
8054
8056
57211
57213
8064
8066
89986
89990
89992
57224
8074
57227
8076
24460
57229
24461
57231
24464
8082
90002
57235
24467
8084
8086
57238
8088
24472
57240
24473
57242
24476
24479
24484
8101
24485
8103
24488
8105
40874
8107
24491
155565
40878
155566
155567
24496
40880
155568
24497
40882
24500
40884
24503
90039
40888
90041
40890
40892
122813
8126
122814
40894
122815
122816
8129
40897
40899
8132
24516
90052
24517
40901
8134
40903
8138
24524
8141
24525
8144
24528
24529
8146
106453
8150
106454
106455
106456
8153
8156
24540
24541
122845
8158
122846
122847
24544
122848
40929
24546
8162
40932
90084
8165
40935
8168
40937
90089
90092
40941
40943
40945
40947
40951
90104
40953
90107
40955
40957
40960
40962
90115
40964
40966
90124
90126
155677
155678
40991
155679
155680
40993
73767
73768
73771
73774
24626
24628
106549
106550
73783
106551
106552
106553
73786
24634
106554
24635
106555
106556
73790
24638
24640
73792
122945
122946
122947
122948
73801
24650
73802
24652
57420
73805
57421
24654
8270
24656
73808
57424
8273
155729
155730
8275
155731
57427
155732
8277
73813
73814
8279
57432
73817
57433
24666
24668
73820
57436
155741
155742
155743
57439
155744
24674
24676
24678
24680
24691
73845
24694
73848
24697
24699
73851
73853
24703
24706
24709
24711
41095
73864
106633
41098
106634
106635
41100
106636
123021
123022
73871
123023
41104
123024
73874
24723
41107
24726
41110
73878
41112
73880
24729
24731
73883
41116
139421
139422
24735
41119
139423
139424
24738
41122
41124
24741
24743
73896
73897
106665
106666
24747
106667
73900
106668
57516
106669
57517
24750
106670
73903
106671
41136
106672
57520
24753
24755
41139
57523
73908
41141
73909
57526
24759
41143
57527
73912
24762
57530
41147
73915
24765
106685
57533
41150
106686
24767
106687
41152
73920
106688
73921
41154
57538
57539
73924
41157
57542
8391
73927
41159
139465
41161
57545
8394
139466
24779
139467
41163
73932
139468
8397
73933
24782
90318
57550
57551
8400
73936
90320
24785
8402
57554
24787
73939
57557
8406
90326
24791
90328
41176
8409
90330
41178
8412
41180
155869
8414
155870
41182
155871
73952
155872
73953
73956
57572
90341
73959
57575
90345
8426
57578
90347
73964
57580
8429
73965
90349
8432
73968
106737
8434
106738
73971
106739
41204
106740
8438
41207
73976
8441
41209
73977
155897
57593
155898
41211
155899
8444
73980
155900
57597
8446
73983
57600
139521
8450
139522
57602
139523
73988
139524
8453
73989
8456
73992
8458
90378
73995
57613
8462
90382
90384
8465
57618
8468
57621
8470
57624
90393
57626
90395
8482
8485
57637
8488
57640
8490
57645
8494
57646
8497
57649
8500
57652
8502
57657
8506
57658
8509
57661
8512
57664
8514
8518
8521
8524
8526
8527
24917
24920
90457
90459
24923
8541
24925
123229
123230
123231
123232
24929
8545
90465
90467
24932
8549
90469
24935
8551
24937
8555
24941
8558
24944
8561
8563
24947
24949
156021
156022
156023
156024
24953
8569
24956
8573
90493
24959
90495
24961
8577
90497
8579
8583
8586
90507
24973
8589
90509
8591
24976
139665
139666
24979
139667
139668
24981
139669
139670
139671
139672
24985
90521
8603
90523
24988
139677
8606
139678
24991
139679
41375
139680
8609
156065
24993
41377
90529
156066
8611
156067
41379
90531
156068
24997
41381
8615
25000
8618
25003
74156
25005
8621
8623
74159
74161
156081
25009
41394
156082
8627
74163
156083
156084
25012
74165
41397
106933
8630
106934
25015
106935
106936
8633
25017
41402
8635
41403
25019
41406
8639
25023
41409
106945
8642
25026
106946
106947
106948
8645
25029
41414
8647
41415
25031
41418
74186
25035
41421
25038
74190
74192
25041
41426
41427
25043
106965
41430
106966
74199
25047
106967
106968
41433
106969
74202
25050
106970
106971
106972
74205
25053
123357
123358
74207
25055
123359
123360
74211
74213
41446
41447
74216
74218
41450
41453
74222
74225
41458
41459
74228
74230
41462
41465
123385
74234
123386
123387
90619
123388
123389
41470
123390
41471
123391
123392
41474
41477
41482
41483
41486
41489
156189
41502
156190
41503
156191
156192
41506
41509
139817
41514
139818
41515
139819
139820
41518
107057
107058
107059
107060
139829
74294
139830
139831
139832
74297
74300
74302
8767
8770
8773
8775
74313
8779
8782
57936
74320
8785
8787
41555
74323
41556
8791
57943
41559
74327
57944
74329
8794
41562
57947
8797
57950
8799
41567
41568
8803
41571
74340
8806
41574
74343
8809
74345
8811
41579
41580
41583
41586
156277
156278
41591
156279
41592
156280
156281
156282
41595
156283
156284
123517
41598
123518
123519
123520
57992
57993
74378
41611
57996
41612
74380
57999
41615
41618
58004
58005
41623
58008
41624
74393
58011
41627
74396
41630
58016
74400
58017
74402
41635
58020
41636
58023
41639
8873
8875
58028
58029
8879
58032
8882
58035
8885
8887
8891
8894
58048
8897
25283
8899
58051
25286
8903
58056
25289
8906
25291
58059
8909
25295
8911
58064
25298
58067
25301
25303
58072
25307
8923
58075
25310
8926
25313
8929
140001
140002
25315
8931
140003
140004
25319
8935
25322
8938
25325
8941
25327
8943
8947
8950
8953
123641
123642
8955
123643
123644
25341
8959
25344
156417
8962
156418
25347
156419
156420
25349
8965
8967
25353
156425
156426
156427
25356
156428
41741
25359
90896
25361
41746
8979
41747
107285
8982
41750
107286
107287
107288
8985
41753
8987
25373
41758
8991
41759
25376
8994
41762
25379
25381
8997
41765
9000
25385
9002
25388
90926
25391
25393
140081
41778
140082
41779
140083
140084
25397
90933
140085
41782
140086
90935
140087
25400
140088
41785
107321
107322
107323
107324
41790
41791
25409
41794
25412
41797
90949
58182
90951
156489
123721
58185
41802
156490
123722
41803
156491
123723
58187
156492
123724
41806
90959
41809
123729
90962
123730
123731
123732
90965
41814
58198
41815
41818
58202
41821
58205
58207
41834
58218
41835
41838
41841
123761
123762
123763
123764
41846
41847
41850
41853
41858
58242
41859
58245
41862
41865
123789
123790
58254
123791
123792
58258
58260
123825
123826
123827
123828
107449
107450
107451
107452
58304
58305
123841
156609
123842
156610
123843
156611
58308
123844
156612
58311
58316
58317
41935
58320
41936
58323
41939
156629
41942
156630
156631
58328
156632
58329
41947
58332
41948
140253
140254
41951
140255
58335
140256
156641
41954
156642
156643
58340
156644
58341
41959
58344
41960
58347
41963
140269
140270
41966
140271
140272
41971
41972
41975
58360
58361
41978
58364
58367
58372
156677
58373
156678
156679
156680
58376
41993
41994
58379
156685
41997
156686
156687
156688
42000
42005
42006
58390
58391
42009
58394
42012
58397
42017
42018
58402
58403
42021
58406
42024
107561
58409
107562
107563
107564
58414
58415
9266
58418
42036
9269
58421
9272
42040
9274
58426
58427
42044
156733
156734
42046
58430
156735
25663
156736
25664
58433
25668
9285
25669
9288
123977
123978
9291
123979
123980
9293
91213
58446
58447
107601
58450
107602
25682
107603
25683
107604
58453
9302
25686
9303
25688
58458
91227
58459
9308
9309
91229
107613
107614
58462
107615
9312
107616
58465
25699
9315
42084
25702
42087
25705
91242
58474
42090
25707
91244
42092
58478
58481
156785
91250
156786
58483
156787
91252
156788
42103
42106
42109
9344
58496
9347
58500
9349
156805
140421
156806
42118
140422
156807
58503
140423
156808
140424
107657
156809
58505
25738
107658
156810
107659
156811
107660
25740
156812
9358
9360
25749
25750
9369
25753
9372
25756
9376
25761
25762
9378
140453
25765
140454
140455
140456
25768
9389
25773
25774
9392
25777
9395
25780
9397
91337
91339
91341
25806
25808
25825
91361
25827
91363
25834
42219
25836
42224
42225
42228
91381
42231
91386
25852
42236
91389
42237
25855
91392
42240
42243
25860
25861
25864
91401
25867
91404
140557
140558
91406
140559
140560
42256
42257
42260
91413
91415
42263
42268
42269
42272
42275
107813
124197
107814
124198
91430
107815
124199
9512
107816
124200
91432
9513
9516
42284
9519
91439
42288
91442
42291
91444
42293
9528
9531
91453
9535
9537
42306
156997
156998
42310
156999
75079
157000
124233
42313
9546
124234
9547
124235
42315
124236
9550
9553
9558
9559
107865
9562
25946
107866
107867
107868
9565
25949
25952
25954
42353
42356
9590
42358
9593
91514
9596
91517
9598
91519
42371
42375
91528
9609
42378
91531
9612
42380
42391
91556
91559
157101
157102
91566
157103
157104
107969
107970
107971
107972
91588
107973
107974
107975
107976
91594
91596
91598
9680
9681
157137
157138
157139
9684
157140
9687
9692
91612
9693
91614
9696
9699
26085
9704
26088
9705
157161
157162
157163
26091
9708
157164
26093
9711
9716
9717
26102
26103
9720
26106
9723
26109
26114
26115
26118
26121
140813
140814
26126
140815
26127
140816
140817
140818
26130
42514
140819
140820
42517
26133
42520
140825
140826
42522
140827
91675
140828
91680
91683
42533
42536
140841
108073
140842
108074
140843
108075
26155
140844
108076
140845
140846
26158
140847
140848
26161
26163
26172
26173
26176
26179
26184
26185
26188
26191
42578
42581
42588
124525
124526
124527
124528
157301
157302
157303
157304
108153
157305
108154
157306
42619
108155
157307
108156
157308
42621
75389
75390
42624
75393
42626
75396
42629
42631
42633
75401
75402
42635
75405
75408
75411
42652
26268
26269
42654
75424
42656
26272
75425
42658
26275
75428
42661
75431
42663
42665
26282
42667
26283
75436
75437
26286
75440
26289
75443
157365
157366
157367
75448
157368
75449
124601
124602
124603
75452
124604
26302
75455
26303
42688
42690
26306
75460
75461
26309
75464
26314
75467
26315
26318
26321
157397
157398
26326
157399
26327
75480
157400
75481
26330
75484
26333
75487
26338
26339
75492
75493
141029
26342
141030
141031
75496
141032
26345
124649
124650
75499
124651
124652
75504
75505
75508
26358
75511
26359
124665
26362
124666
124667
75516
124668
26365
75517
75520
26370
75523
26371
26374
26377
26382
26383
42768
42769
26386
42772
26389
42775
157465
157466
26394
157467
26395
157468
42780
42781
26398
42784
26401
42797
42800
42803
157493
42805
124725
157494
124726
157495
124727
157496
124728
10043
10044
10047
42816
124737
10050
124738
42819
124739
124740
10055
10056
10059
10062
10067
10068
10071
10074
124765
141149
124766
141150
10079
124767
141151
10080
124768
141152
10083
75621
141157
10086
92006
75622
141158
92007
141159
141160
75625
92010
75628
75633
75634
10103
10106
10109
10111
26506
26509
124813
124814
124815
26512
124816
141205
141206
141207
141208
124825
124826
59291
124827
124828
26525
26526
26529
26532
92068
92069
59304
10152
59305
10153
26537
26538
59308
10156
26541
59311
10159
26544
59316
10164
59317
26549
10165
26550
59320
10168
26553
59323
10171
26556
59328
10176
59329
10177
26561
26562
59332
10180
26565
59335
10183
26568
59340
10188
59341
10189
108493
141261
108494
141262
108495
141263
59344
10192
108496
141264
59347
10195
59360
59361
59364
141285
141286
59367
141287
141288
59372
59373
157677
157678
157679
59376
157680
59379
124917
108533
124918
108534
124919
108535
59384
124920
108536
59385
59388
59391
75777
75778
59396
75781
59397
26629
26630
75784
59400
26633
108553
157705
141321
108554
157706
141322
59403
108555
157707
141323
26636
108556
157708
141324
75789
75790
75793
26641
26642
75796
26645
26648
75801
141337
75802
141338
141339
141340
75805
26653
26654
10270
10271
75808
26657
10274
26660
75813
10277
75814
75817
26665
10282
26666
10283
75820
26669
10286
26672
10289
10294
10295
75833
10298
75834
26685
10301
75837
108605
26686
108606
108607
75840
108608
26689
10306
10307
26692
75846
10310
59464
59465
26697
10313
26698
75852
59468
26701
141389
141390
59471
141391
26704
141392
92242
92243
59476
92244
59477
26709
26710
59480
26713
59483
26716
92254
92255
59488
92256
59489
26721
26722
59492
26725
59495
26728
92266
75884
59500
75885
59501
75888
59504
75891
59507
26741
26742
75896
75897
26745
75900
75903
59520
59521
75908
59524
75909
59527
75912
75915
75920
75921
75924
75927
75940
108709
75941
108710
108711
108712
75944
75947
10413
75952
75953
10417
75956
10420
10422
75959
75964
75965
75968
141505
10433
141506
141507
75971
10435
141508
10437
10439
75977
75978
75981
75984
92371
10452
92372
75989
75990
10454
92375
10456
75993
141529
10458
141530
141531
75996
141532
76001
76002
76005
76008
76013
76014
59631
59632
76017
59635
76020
59638
59643
59644
59647
59650
59655
59656
59659
59662
125201
125202
59667
125203
59668
125204
59671
92439
92441
59674
108829
108830
108831
108832
92449
92451
59687
59688
59691
59694
59699
92467
59700
92468
92469
59703
59706
76093
59711
92479
59712
59715
59718
92486
59723
59724
59727
125265
59730
125266
125267
125268
59743
59744
59747
59750
92520
92521
59755
59756
59759
125297
59762
125298
125299
125300
59765
76184
76185
76188
76191
76196
76197
76200
76203
76208
76209
76212
92597
76215
92599
76220
76221
76224
92608
92609
59842
76227
59843
92612
59846
59849
59854
59855
76240
76241
59858
76244
59861
76247
59866
59867
76252
76253
76256
76259
76264
76265
125417
125418
125419
76268
59884
125420
59885
76271
59888
59891
76276
76277
59896
59897
59900
59903
59908
59909
59912
59915
125453
125454
125455
125456
141841
141842
141843
141844
59927
59931
59935
59937
59955
59958
59961
109113
109114
59963
109115
109116
59974
59977
59980
59989
141921
141922
141923
141924
125573
125574
125575
125576
125589
125590
125591
125592
109229
109230
109231
109232
125633
125634
125635
125636
158405
158406
158407
158408
109269
109270
109271
109272
92889
92891
92898
92900
60141
92909
60142
92911
60145
60148
92918
60153
60154
60157
60160
125705
125706
60171
125707
60172
125708
158477
158478
60175
158479
158480
60178
109333
109334
60183
109335
60184
109336
60187
60190
92958
43807
43808
43811
92963
60195
60196
43813
109349
92966
109350
60199
109351
109352
92969
60202
43824
43827
60214
43830
43832
125753
60218
125754
125755
125756
125757
60222
125758
125759
60224
125760
142145
142146
142147
142148
109381
125765
109382
125766
109383
125767
109384
125768
142153
142154
142155
60236
142156
60239
158545
60242
158546
158547
60244
158548
142173
142174
60255
142175
142176
158565
158566
158567
158568
125817
125818
125819
125820
142209
125825
142210
125826
142211
125827
142212
125828
142213
142214
142215
142216
158613
158614
158615
158616
142233
142234
142235
142236
43950
43951
43958
43959
142265
43962
11194
142266
142267
11196
142268
43965
43970
11203
43971
11206
43974
11209
43977
11211
43982
27599
43983
27600
142289
43986
142290
27603
142291
142292
43989
27606
11222
43994
43995
27611
11227
27612
11230
43998
27615
44001
11233
109537
27618
109538
11235
109539
109540
109541
109542
109543
109544
27631
27632
27635
11252
125941
11253
27638
125942
125943
125944
11256
158713
158714
27643
11259
158715
27644
158716
27647
11264
93184
11265
27650
11268
93189
11271
27655
27656
11273
93194
27659
11276
93197
27662
11278
109585
109586
27667
109587
27668
109588
27671
27674
93211
11291
93214
11295
93217
11298
11300
27687
27688
27691
27694
11311
27699
27700
11316
27703
11319
27706
11322
11324
27711
27712
27715
27718
11335
27724
27725
27728
27731
27736
27737
27740
27743
126057
126058
126059
126060
93296
158833
93298
158834
158835
158836
93306
93308
109693
93310
109694
109695
109696
93322
93324
93330
76955
76957
76959
76961
93350
93352
93354
76971
76973
76983
27832
76985
27835
76987
158909
76989
27838
158910
158911
27840
158912
77003
27851
27854
77006
27856
77009
77011
77014
77016
77018
27867
77020
27869
27874
27876
77031
93415
93417
77034
27883
77036
27886
77038
93424
27889
93426
27891
27902
27905
27907
93443
93445
27916
11551
11552
11555
11558
11563
11564
11567
11570
126265
126266
93498
126267
126268
44348
93500
44349
11583
11584
44352
11587
44355
93507
126277
109893
126278
109894
11590
126279
109895
44360
126280
109896
93512
44361
11595
44364
11596
109901
109902
44367
109903
11599
109904
11602
44370
11607
11608
126297
126298
11611
126299
126300
126301
11614
126302
44383
126303
44384
126304
126305
126306
11619
44387
126307
11620
126308
44390
11623
11626
44395
93547
44396
93549
44399
159089
44402
159090
159091
28020
159092
28023
44407
11639
44408
11640
44411
11643
44414
11646
28031
77183
28032
77185
28035
11651
44419
11652
44420
11655
44423
77192
11658
44426
77195
77198
11663
11664
109969
77201
109970
28051
11667
109971
28052
109972
77204
11670
28055
44439
77207
44440
93593
77209
28058
44443
44446
28063
28064
93602
28067
44451
44452
93605
28070
77222
44455
77226
44458
28075
28076
77229
28079
44463
77231
44464
142769
28082
142770
44467
142771
142772
110005
93621
110006
44470
28087
110007
28088
110008
93624
110009
110010
77242
28091
110011
44475
110012
44476
28094
44479
110017
110018
44482
110019
110020
110021
110022
110023
110024
110033
110034
110035
110036
11740
11741
11744
11747
142821
142822
142823
11752
142824
28137
11753
28140
11756
28143
11759
77299
110069
28150
77302
110070
110071
11768
110072
77305
77307
11772
28157
77311
11775
11777
77314
77317
77319
11786
77323
11788
77326
11791
77329
77331
11796
11797
77335
11800
159257
110105
77338
159258
110106
11803
159259
110107
159260
110108
77341
77343
11808
11809
11812
11815
77355
77358
77361
77363
11828
11829
126517
159285
126518
159286
77367
126519
159287
11832
126520
159288
77370
11835
77373
159293
159294
77375
159295
11840
159296
11841
11844
11847
77383
77387
11852
11853
77389
77391
11856
77393
11859
11864
11865
11868
61022
61023
11871
61026
77410
61029
77413
77415
77417
61034
61035
11884
77421
11885
61038
77424
11888
61041
77427
11891
77429
159349
61046
159350
61047
159351
11896
77432
159352
11897
61050
77434
11900
77436
61053
77438
11903
61058
61059
11908
11909
61062
11912
61065
159369
159370
159371
77452
159372
110221
110222
77455
110223
110224
77457
142993
142994
77459
142995
61076
142996
44695
61079
44696
159385
159386
44699
61083
159387
159388
61085
44702
44707
44708
44711
44714
61098
61101
93869
44719
44720
61105
126641
126642
44723
126643
126644
110261
44726
110262
110263
110264
126649
126650
44731
126651
44732
126652
44735
61119
44738
61122
61125
61127
44751
44752
61138
44755
61141
44758
44763
44764
61148
44767
61151
44770
61154
44775
44776
44779
44782
12018
44787
12019
44788
12022
44791
12025
143097
44794
143098
143099
143100
126717
12030
93950
126718
12031
126719
126720
93954
93956
12037
28422
44807
28423
44808
159497
28426
159498
44811
159499
159500
28429
44814
93967
143121
12050
28434
143122
44819
12051
28435
143123
44820
143124
12054
28438
12057
28441
93981
12062
28446
12063
28447
93984
12066
28450
93986
12069
28453
126757
126758
126759
126760
12074
28458
12075
93995
93997
126765
12078
28462
126766
126767
28464
126768
12081
94002
94005
12086
12087
12090
28475
44860
12093
94013
28478
44863
61247
94016
28481
61249
44866
94018
28483
61253
61256
12106
61259
12107
61261
12110
61265
12113
28500
61268
28501
12118
12119
61271
28504
61273
12122
28507
12125
159581
159582
159583
28512
159584
28513
159585
159586
12130
159587
12131
28516
159588
61285
159589
159590
12134
28519
159591
61288
159592
12137
77675
61291
28524
28525
61293
143213
143214
12143
143215
12144
28528
143216
61297
143217
143218
12147
28531
143219
61300
143220
12150
61303
28536
28537
77689
61305
77691
28540
94076
61309
28543
61312
12163
61315
12164
61317
12167
61321
12170
28556
61324
28557
12175
61327
12176
28560
61329
12179
28563
12182
12187
12188
28572
12191
28575
12194
28579
28581
12199
12200
28584
12203
28587
12206
110517
110518
61367
110519
110520
61369
12219
12220
61373
12223
61376
12226
61379
61381
12231
12232
12235
12238
61393
12243
61396
12244
77781
61399
12247
77785
61401
12250
77788
61405
12255
77791
12256
61408
77793
12259
61411
77797
61413
12262
77800
61417
77803
61420
77805
94189
61423
61425
94193
94195
61429
28664
61432
28665
77817
61435
28668
77820
61437
126973
126974
28671
77823
126975
126976
77825
94209
28676
28677
77829
28680
77832
61449
28683
77835
61452
77837
126989
126990
61455
126991
28688
126992
28689
77841
61457
77844
61461
77847
94231
61464
77849
61467
77853
61469
77856
61473
77859
61476
77861
61479
61481
61485
61488
77873
61491
77876
77879
12343
77881
12347
77885
12350
77888
12352
77891
77893
77897
12361
94281
12362
94283
77900
94285
159821
12365
159822
77903
159823
159824
12368
77905
12375
127065
12378
127066
127067
12380
127068
94320
110705
94322
110706
110707
94324
110708
110713
110714
110715
94332
110716
94334
94340
12429
12430
12433
12436
94360
12441
12442
94362
61596
12445
61599
12448
94368
61602
61604
12453
110757
94373
12454
110758
94375
110759
110760
12457
12460
61616
12465
12466
61619
12469
61622
12472
61624
61628
61631
78016
61634
78018
61636
78020
12485
78022
12486
61640
12489
61643
12492
61646
61648
12497
12498
61652
78036
12501
61655
78039
12504
159961
78041
61658
159962
159963
78043
61660
159964
12509
78046
12510
78048
12513
78050
12516
61672
159977
12521
12522
159978
61675
159979
159980
12525
143597
61678
143598
143599
61680
143600
12528
61684
94452
61687
94456
61690
94458
61692
12541
61696
12545
61699
12548
94468
61702
12550
61704
12553
94473
12556
61708
94477
61711
94479
127249
61714
127250
127251
61716
127252
78105
12569
12570
78107
12573
127261
127262
94494
127263
12576
127264
94497
94499
61732
78116
12581
12582
78118
61735
12585
61738
12588
61740
94508
143661
143662
94510
143663
61744
143664
61747
160053
12597
94517
61750
160054
160055
61752
160056
12601
61756
12604
143677
143678
12606
61759
143679
143680
61762
61764
94534
61768
94537
12619
61771
143693
61774
143694
12623
143695
61776
143696
94545
12626
12628
94548
94550
160089
160090
160091
61788
160092
61791
160097
143713
61794
160098
143714
160099
143715
61796
160100
143716
12645
12646
61800
12649
61803
12652
61806
78192
61808
12657
78193
12658
78196
61812
12661
110965
110966
78199
61815
110967
12664
110968
61818
61820
94588
78204
78205
61824
78208
94592
12673
127361
160129
127362
160130
94594
61827
127363
160131
78211
127364
160132
12677
127365
61830
127366
127367
78216
61832
12680
127368
78217
12682
94603
78220
94605
160141
160142
78223
160143
160144
61844
61846
61848
111001
111002
111003
78236
111004
78237
111005
111006
111007
78240
111008
78243
61863
78248
61865
78249
61867
78252
78255
61875
78260
78261
61877
61879
78264
78267
78272
78273
78276
78279
111057
111058
111059
111060
78292
78293
78296
78299
111069
111070
111071
78304
111072
78305
78308
78311
78316
127469
127470
127471
127472
160253
160254
160255
160256
160261
160262
160263
160264
78348
78349
78352
78355
143893
143894
143895
143896
78360
78361
78364
78367
78376
78380
160301
160302
78383
160303
160304
78385
111153
160305
111154
160306
94771
111155
160307
111156
160308
94773
78394
78395
78398
94783
78401
94788
62021
94791
62024
62026
94794
62028
62031
62033
94803
62035
160341
62037
160342
160343
160344
143969
143970
62050
143971
143972
62052
143973
143974
62054
143975
143976
45674
45675
45676
160369
160370
160371
160372
45686
45687
45688
45698
45700
45702
45704
45723
45726
94879
94881
144033
45729
144034
144035
45731
144036
45735
45738
94891
45741
94894
45743
94896
45747
160437
160438
45750
160439
160440
94905
45753
45755
160445
160446
45759
160447
160448
62144
45762
45765
144069
144070
144071
45767
144072
62209
144133
62214
144134
62215
144135
144136
62218
62221
127761
62226
127762
62227
127763
127764
127765
62230
127766
127767
127768
62233
144153
144154
144155
144156
78632
78643
95044
95047
45898
45900
45902
95055
45904
95058
95061
111449
111450
111451
111452
95071
95076
62310
95079
62313
144233
144234
144235
144236
144237
62318
95086
144238
144239
144240
62321
95089
62324
95092
45944
62329
45945
62330
45948
29565
62333
127869
29566
127870
127871
62336
127872
29569
29572
29581
62349
62350
78736
29584
78737
62353
144273
144274
78739
144275
29588
78740
62356
144276
29590
78743
62361
78746
62362
62365
29599
78751
29600
78752
62368
29603
78755
62373
29606
78758
62374
111529
62377
111530
111531
111532
62380
29615
127921
62385
29618
127922
62386
78771
127923
78772
127924
95157
62389
29622
78775
29624
62392
78778
95163
95165
78783
95167
78784
78787
62405
78790
62406
95175
62409
95177
78795
95179
78796
62412
78799
46032
62417
46034
78802
62418
62421
78807
78808
62424
127961
127962
78811
127963
127964
62429
78814
62430
95201
62433
95203
46052
62436
46054
46056
62441
46058
95210
62442
78827
78828
95212
62445
95214
78831
62448
78834
46068
46070
78839
46072
29688
78840
46074
29691
78843
29694
78846
29696
78851
29700
78852
46085
29703
78855
46088
29706
78858
46091
29708
46093
78863
78864
46097
46100
128021
128022
29719
46103
128023
128024
29721
46105
95258
29723
29725
95266
46117
95269
29735
46120
29737
46123
29739
46125
29741
46129
46132
46135
29752
46137
29755
46141
29758
46144
29760
46148
29764
46151
29767
46153
29770
29772
46157
46160
46163
46165
29784
62552
46169
62553
29787
46172
62556
95324
111709
111710
29790
95326
111711
46175
62559
111712
29792
46177
29796
95334
29799
95337
29802
29804
62572
95340
62573
62576
144497
144498
62579
144499
144500
29816
62584
62585
29819
62588
111741
144509
29822
111742
144510
62591
111743
144511
29824
111744
144512
111745
111746
111747
29828
62596
111748
62597
29831
62600
29834
62603
29836
29840
62608
62609
111761
111762
29843
111763
62612
111764
29846
62615
29848
29852
29855
29858
29860
79016
79017
79020
79023
79028
79029
79032
144569
144570
144571
79035
144572
79052
79056
79059
62676
62677
144597
79061
46294
144598
46295
144599
62680
46296
144600
62683
62688
62689
79074
46306
46308
62692
46310
79078
62695
46312
79081
79083
62700
62701
62704
46322
95474
62707
46324
95477
46326
79094
46328
62712
79097
62713
62716
95485
62719
95488
46338
95491
46340
46342
46344
62732
46349
144653
62733
144654
144655
144656
62736
95506
13587
62739
95509
95512
62744
46361
62745
29979
46364
62748
29981
13598
46367
62751
46369
29987
13603
62756
46373
29989
62757
13606
29991
79143
46376
79144
62760
29993
13609
46379
13611
62763
79147
46381
79150
62768
46385
128305
62769
128306
30003
128307
79155
46388
128308
79156
62772
30005
30007
46391
62775
79159
46393
79162
46397
46400
46403
79171
62788
46405
30021
62789
79175
30025
62793
79178
30028
62796
79180
13645
13646
30031
46417
30033
13649
46420
13652
30037
46423
30040
46425
13657
79193
13658
30043
30045
13661
46429
79197
13664
46432
79200
30049
128353
128354
79202
46435
128355
30052
128356
46437
13669
13670
30055
46441
30057
144745
13673
144746
144747
46444
144748
46447
13679
46449
13682
30069
46453
13685
13687
30072
46456
30075
46459
30077
46461
30081
30084
30087
30089
112009
112010
112011
112012
30093
46477
30096
46480
30099
46483
30101
46485
46489
30105
46492
30108
46495
30111
46497
30113
13730
46501
13734
46504
13737
46507
13740
30125
46509
13743
30128
46513
13745
30131
46516
30133
13749
46519
13752
46521
30137
13755
30140
13757
30143
30145
128449
128450
128451
128452
46533
46536
13769
46539
13772
46541
13775
128465
13777
46545
128466
128467
128468
46548
13781
46551
13784
46553
13787
46557
13789
46560
13793
46563
13796
46565
13799
13801
46569
144873
144874
144875
46572
144876
13805
46575
13808
46577
13811
13813
62965
62966
62969
62972
46589
46592
13825
62977
62978
46595
13828
46597
112133
62981
112134
13831
112135
112136
62984
13833
13837
13840
62993
13843
13845
62997
63000
13849
63002
13852
128541
128542
13855
128543
128544
13857
95780
30245
13861
63015
13864
95784
95785
63019
63022
30255
95794
95798
128593
128594
128595
128596
13922
13925
13928
13930
46700
13934
46703
13937
46706
46708
13940
112245
13942
112246
112247
46712
112248
13946
46715
13949
46718
13952
46720
13954
46724
13958
46727
13961
46730
46732
13964
13966
46736
46739
46742
46744
46756
145061
145062
46759
95911
145063
95912
145064
46762
95914
46764
46768
46771
46774
46776
95931
46780
95932
112317
112318
46783
95935
112319
112320
112321
46786
112322
112323
46788
112324
46792
46795
128717
46798
128718
128719
46800
128720
128721
128722
128723
128724
46812
46815
128737
46818
128738
128739
46820
128740
46824
46827
95983
95985
95996
95998
96005
14086
96007
30472
14089
112393
30474
112394
112395
14092
112396
63244
30477
14094
30479
46865
63249
14098
30482
63250
46868
30484
14101
63253
30486
46871
14104
30488
63256
46873
14106
46877
63261
14110
63262
46880
14113
63265
46883
14116
96036
63268
46885
128805
14118
30502
128806
128807
128808
46889
30505
14122
46892
30508
14125
30510
46895
14128
46897
14130
30514
30516
46901
63285
30519
46904
63288
30521
46907
63292
46909
14142
63294
96064
14145
96065
96066
14148
30532
14150
30534
30536
46921
145225
14154
30538
145226
96075
145227
63307
46924
145228
128845
128846
63310
46927
128847
14160
128848
46929
96082
63314
30548
46933
14166
30552
46936
14169
30554
46939
14172
46941
14174
30558
46945
30561
14178
30564
30566
63335
14184
30570
14186
63338
30573
63341
30576
30578
14199
14202
14205
30590
14207
30593
14211
30596
128901
14214
30598
128902
128903
128904
14217
30602
14219
30605
112525
112526
14223
112527
30608
112528
112529
14226
30610
112530
112531
112532
14229
30614
14231
30617
14235
30620
14238
30622
14241
30626
14243
30629
30632
145321
30634
145322
145323
145324
14255
14258
14261
14263
14267
14270
145345
14273
145346
145347
14275
145348
14279
14282
14285
14287
14291
14294
14297
14299
96229
14311
96231
96232
14314
14317
14319
14323
14326
14329
129017
129018
129019
14332
129020
14334
129053
129054
129055
129056
96323
96327
96328
96337
96341
145497
145498
145499
145500
112737
145505
112738
145506
112739
145507
112740
145508
47211
47212
96392
96393
96396
30864
30867
96405
30870
96407
96408
30875
30876
30879
30882
96425
96427
145585
145586
145587
145588
30911
30914
14530
14532
30917
80070
14534
80071
30919
14536
80074
80077
80082
30930
80083
30933
80086
30936
80089
30938
80094
14558
80095
14561
145633
80098
145634
30947
14563
145635
30948
145636
80101
14565
30951
14569
80106
30954
80107
14572
80110
30959
14575
30960
80113
14577
30963
14580
30966
14582
47350
14584
47352
14586
47361
47362
47365
47367
14600
96521
14603
14605
14607
47378
47381
47388
96540
129309
96541
129310
47391
129311
129312
96544
47394
47396
31014
31015
96553
31018
31021
96557
47405
96558
47406
47409
31026
31027
47412
31030
80183
80184
47417
31033
47418
80187
47421
80190
31038
31039
47424
31042
80195
80196
14660
31045
80199
14663
80202
14666
31050
31051
14668
31054
80207
80208
14672
31057
80211
14675
80214
14678
14680
14684
47453
31070
14687
31071
47456
31074
14690
80227
47459
80228
14692
96612
47461
31077
80231
96615
14696
80234
31082
14699
31083
31086
14702
80239
96623
80240
47472
14704
31089
96626
80243
47475
80246
47478
31094
31095
47480
80251
80252
14716
80255
14719
47489
80258
14722
47490
14724
47493
129413
129414
80263
129415
80264
14728
47496
129416
113033
113034
80267
14731
113035
113036
80270
14734
14736
14740
14743
14746
80283
80284
14748
80287
14752
80290
14755
14758
80295
80296
14760
80299
80302
80307
80308
14772
14775
14777
14779
31165
31167
31176
31177
31180
31183
31192
31195
31199
31201
145897
145898
145899
145900
145901
145902
145903
145904
129521
129522
47602
129523
47603
129524
47606
47609
47614
47615
47618
47621
47626
47627
47630
47633
80410
80413
14877
14878
14881
80418
80419
14884
47653
80422
47654
80425
47657
14889
14890
47660
145965
14893
80430
145966
80431
145967
145968
14896
47665
80434
47666
80437
47669
14901
14902
47672
14905
14908
47677
47678
113217
47681
14913
80450
113218
14914
80451
113219
113220
47684
129605
14917
80454
129606
129607
129608
14920
80457
145993
47689
145994
47690
145995
145996
47693
80462
80463
47696
80466
80469
14933
64086
14934
14937
80474
64090
64091
80475
14940
80478
14943
80481
14948
64100
14949
80486
31334
64103
80487
31335
14952
113257
80490
31338
96874
64106
113258
47722
14955
113259
47723
64108
113260
80493
31341
96877
47726
47729
31346
31347
96885
31350
47734
47735
14968
96888
14969
31353
47738
14972
47741
31358
64127
14975
31359
64130
31362
47746
47747
14980
64133
31365
146053
14981
96902
146054
47750
64135
146055
146056
14984
96905
47753
31370
31371
96907
14987
31374
14992
14993
31377
146065
146066
80531
146067
14996
96916
146068
80534
96918
47766
14999
47767
47770
80539
80540
15004
15005
47773
31390
80543
31391
15008
80546
31394
47778
15011
47779
31397
113317
113318
47782
113319
113320
47785
31402
31403
31406
47790
80559
47791
80560
31409
47794
80563
47797
80566
31414
31415
146105
31418
146106
47802
80571
146107
47803
80572
146108
31421
47806
80575
47809
80578
31426
31427
31430
80583
80584
31433
80587
80590
47822
47823
47826
80595
80596
47829
80599
31447
31448
80602
47834
31451
47835
31454
47838
47841
31459
31460
47846
80615
31463
47847
80616
31466
80619
80622
31471
31472
80627
31475
80628
31478
80631
129785
80634
129786
31483
129787
31484
129788
129789
129790
80639
31487
129791
80640
129792
31490
80643
129797
80646
129798
129799
129800
15112
15113
80651
80652
15116
80655
31503
15119
31504
31507
15124
80660
15125
31510
80663
15128
15131
31515
31516
31519
15136
15137
31522
15140
31527
15143
31528
31531
15148
15149
31534
15152
15155
31539
31540
31543
64312
64313
31546
64315
129857
129858
129859
129860
31559
31562
64332
64333
64336
64338
113493
113494
113495
113496
146281
146282
146283
146284
146289
113521
146290
113522
146291
113523
146292
113524
97149
80767
80768
97152
80771
97155
80774
80779
80780
97164
80785
80786
97170
80789
97173
97175
80792
80797
80798
97184
80801
113569
97186
113570
113571
80804
64420
113572
64422
15276
15277
15280
80817
64433
80818
15283
64435
80821
31671
80824
15288
31672
15289
64442
31675
15292
64444
80829
80830
31678
15295
80833
31683
80836
15300
31684
15301
31687
15304
80841
129993
48073
80842
31690
129994
48074
15307
129995
129996
80845
48077
31695
80848
15312
31696
48080
15313
31699
15316
80853
48085
80854
48086
31702
15319
80857
48089
31707
80860
48092
31708
113629
146397
113630
146398
31711
113631
146399
113632
146400
48097
31714
48098
15332
80869
15333
48101
80870
15336
48104
80873
15339
80876
48109
48110
31727
31728
80881
15345
48113
80882
31731
48116
80885
31734
15351
80888
97274
31739
15356
31740
97276
15357
31743
15360
48129
80897
48130
31746
97282
15363
97284
48133
80901
31751
64519
48136
31752
15368
15369
64522
80907
31755
80908
64525
48141
48142
31758
97294
64527
80911
15375
97296
48145
113681
80914
113682
31763
113683
48148
31764
113684
97302
31767
48153
64538
48154
31770
15388
64541
15389
48157
80926
64544
48160
97312
15393
146465
64546
80930
97314
146466
146467
15396
146468
48165
113701
48166
80934
113702
31783
113703
31784
80936
113704
15401
48169
15402
97322
64555
31787
64556
97324
48173
15405
113709
31790
113710
64559
113711
15408
113712
64562
48179
31796
80949
15413
31797
15414
64567
64568
31800
97336
80952
48185
15417
64571
31803
80955
15420
80957
64574
48190
48191
15425
48194
15426
31812
48197
15429
31815
15432
80968
48203
31819
80971
97356
31821
48209
97361
97363
80980
15445
97365
15446
31830
31831
80983
15449
31834
15452
31837
80990
15457
31842
15458
31843
15461
31846
15464
31849
15469
15470
15473
15476
113785
15481
113786
15482
113787
113788
15485
15488
15501
15502
15505
15508
15513
130201
15514
130202
130203
130204
15517
97439
15520
15523
31920
31921
31924
31927
31932
31933
97470
31936
97473
31939
31944
31945
97481
31948
97484
31951
31956
31957
31960
31963
97505
97508
130277
64742
130278
64743
130279
31976
64744
130280
31977
31980
97516
31983
97519
64753
97521
31988
64756
31989
64759
31992
64761
31995
130301
130302
130303
32000
130304
32001
32004
64772
32007
64775
97544
64778
97546
32012
64780
32013
64783
97551
32016
64784
97553
32019
64787
64790
64795
64796
64799
32032
32033
64802
97578
64815
64816
64819
97589
64822
97592
64827
97595
64828
64831
64834
97604
64839
64840
64843
64846
64851
64852
64855
64858
97629
97633
97635
64871
64872
64875
130413
64878
130414
130415
15728
130416
64883
64884
15732
64887
15735
15737
64890
64895
64896
15746
64899
15747
114053
114054
64902
15750
114055
32136
114056
97672
15753
32138
64907
97675
32140
32142
97678
15760
15763
15765
97687
32152
32156
97693
32158
32160
97696
15776
32162
97698
15780
15783
15785
32175
32177
32179
97722
97731
97733
64972
64973
64976
64979
15827
15828
15831
64984
64985
64988
64991
146913
146914
146915
146916
64996
64997
65000
32233
32234
65003
32237
65008
32240
65009
65012
65015
32249
32252
32256
146945
146946
32258
146947
146948
32267
32268
114189
114190
32271
114191
114192
32274
114197
114198
114199
114200
32283
32286
32290
32292
15911
15912
146985
146986
15915
146987
146988
15918
15923
15924
15927
15930
147009
147010
147011
15939
147012
15943
32331
147021
147022
147023
147024
15952
15956
130649
130650
130651
130652
114285
114286
114287
65136
114288
65137
65140
65143
65148
65149
65152
114305
114306
65155
114307
114308
65160
65161
65164
65167
65172
65173
130709
130710
130711
65176
130712
130713
130714
65179
130715
130716
97959
65192
65193
65196
65199
65204
65205
130741
130742
130743
65208
130744
65211
65216
65217
65220
65223
65228
65229
65232
65235
147157
147158
147159
147160
65244
65247
65253
65256
65265
65268
114425
114426
114427
114428
98061
114449
114450
114451
114452
147221
147222
147223
147224
114457
130841
114458
130842
114459
130843
114460
130844
81722
81723
81726
81729
65348
65349
65352
130889
130890
130891
130892
81741
81744
81748
147285
147286
81750
147287
147288
81759
81760
81763
81766
81775
81778
81782
81784
114557
114558
114559
114560
114561
49026
114562
81795
114563
49028
114564
81798
49035
49037
147341
147342
147343
147344
49046
49048
49055
98209
98211
98213
147365
147366
49063
147367
49064
147368
49067
114605
49070
98222
114606
114607
98224
114608
131001
98234
131002
131003
131004
131017
131018
131019
131020
98303
)


// ************************************************************************* //
